283
299
231
308
314
256
315
237
321
323
294
282
260
303
332
231
269
331
289
326
287
336
288
291
306
300
315
322
205
252
267
333
225
329
291
261
240
210
322
304
266
219
256
266
285
243
311
234
217
324
340
340
251
243
285
314
332
305
322
349
349
289
345
229
240
292
248
348
253
282
226
243
251
239
312
269
206
206
205
302
203
302
336
305
264
334
311
216
332
256
236
254
207
341
218
268
341
347
344
322
242
276
339
276
339
300
332
345
221
246
235
274
306
319
332
217
206
272
252
307
279
285
308
317
201
311
313
311
338
294
305
286
301
336
229
248
296
214
219
218
222
200
266
342
305
264
261
301
282
220
285
213
264
252
244
234
263
296
272
255
296
328
220
200
321
206
305
203
325
317
326
233
288
276
216
245
213
349
342
291
248
261
342
202
292
237
245
346
287
259
331
236
340
298
324
206
302
331
298
311
313
215
231
342
290
327
207
304
221
272
342
217
220
227
292
281
223
224
287
269
205
294
282
299
303
309
211
277
281
276
242
292
243
282
268
303
312
254
291
332
233
318
301
342
208
223
306
261
270
221
334
297
317
200
226
215
300
202
349
202
313
235
302
213
271
221
347
264
262
263
344
207
346
218
202
200
228
222
266
335
255
297
347
231
269
296
266
301
284
209
347
278
278
302
347
235
283
242
285
200
331
283
310
298
250
238
207
243
286
325
349
339
277
270
273
215
259
331
301
275
304
287
239
278
342
239
329
303
348
297
327
335
284
343
294
212
288
311
200
335
248
289
305
304
214
208
276
333
285
242
284
229
287
248
249
309
347
267
336
309
209
270
225
231
323
