4.165
4.164
4.146
4.134
4.131
4.118
4.09
4.026
4.018
4.014
4.01
3.997
3.996
3.986
3.98
3.973
3.939
3.935
3.932
3.929
3.923
3.914
3.907
3.904
3.903
3.896
3.889
3.887
3.886
3.884
3.866
3.864
3.851
3.849
3.848
3.843
3.84
3.837
3.833
3.826
3.814
3.812
3.803
3.794
3.788
3.78
3.779
3.778
3.773
3.772
3.771
3.767
3.766
3.765
3.764
3.761
3.76
3.758
3.756
3.754
3.753
3.751
3.75
3.749
3.746
3.743
3.738
3.737
3.736
3.733
3.73
3.729
3.728
3.727
3.725
3.716
3.715
3.714
3.712
3.708
3.706
3.705
3.704
3.702
3.701
3.695
3.689
3.687
3.682
3.678
3.677
3.676
3.671
3.67
3.665
3.663
3.662
3.658
3.657
3.653
3.652
3.651
3.65
3.645
3.638
3.634
3.633
3.631
3.629
3.623
3.622
3.621
3.619
3.617
3.611
3.604
3.603
3.602
3.595
3.589
3.587
3.584
3.582
3.572
3.568
3.567
3.563
3.557
3.554
3.553
3.549
3.543
3.542
3.536
3.534
3.533
3.532
3.52
3.518
3.511
3.505
3.5
3.499
3.497
3.495
3.494
3.492
3.485
3.482
3.476
3.469
3.463
3.457
3.451
3.45
3.441
3.438
3.435
3.434
3.432
3.43
3.427
3.419
3.415
3.411
3.409
3.406
3.388
3.386
3.382
3.381
3.377
3.376
3.375
3.373
3.372
3.369
3.368
3.358
3.353
3.351
3.35
3.346
3.343
3.339
3.332
3.328
3.324
3.321
3.317
3.31
3.298
3.292
3.29
3.274
3.273
3.258
3.25
3.243
3.213
3.212
3.205
3.2
3.193
3.185
3.18
3.163
3.159
3.158
3.155
3.148
3.147
3.143
3.142
3.139
3.124
3.122
3.119
3.117
3.113
3.106
3.104
3.097
3.092
3.083
3.077
3.07
3.06
3.057
3.053
3.05
3.048
3.047
3.039
3.037
3.035
3.033
3.032
3.03
3.029
3.026
3.025
3.018
3.017
3.013
3.011
3.005
3.002
2.999
2.992
2.989
2.984
2.979
2.978
2.975
2.974
2.971
2.966
2.961
2.96
2.958
2.955
2.951
2.95
2.949
2.947
2.944
2.943
2.938
2.937
2.931
2.93
2.926
2.925
2.924
2.923
2.922
2.921
2.92
2.918
2.917
2.914
2.913
2.912
2.911
2.909
2.907
2.906
2.903
2.901
2.9
2.896
2.895
2.893
2.888
2.887
2.885
2.877
2.873
2.871
2.87
2.864
2.863
2.862
2.861
2.86
2.857
2.851
2.848
2.842
2.841
2.84
2.838
2.835
2.833
2.832
2.828
2.827
2.821
2.817
2.813
2.811
2.809
2.804
2.803
2.801
2.8
2.798
2.796
2.795
2.794
2.793
2.788
2.784
2.78
2.779
2.777
2.776
2.775
2.773
2.772
2.771
2.767
2.764
2.76
2.759
2.756
2.753
2.75
2.749
2.747
2.746
2.743
2.736
2.735
2.727
2.726
2.724
2.723
2.722
2.72
2.718
2.717
2.716
2.709
2.707
2.706
2.701
2.7
2.695
2.694
2.691
2.689
2.684
2.683
2.682
2.679
2.677
2.676
2.673
2.67
2.667
2.666
2.664
2.662
2.656
2.655
2.654
2.653
2.652
2.648
2.645
2.643
2.642
2.639
2.637
2.632
2.631
2.63
2.626
2.623
2.622
2.617
2.61
2.607
2.605
2.602
2.601
2.594
2.592
2.589
2.584
2.572
2.57
2.568
2.559
2.557
2.556
2.554
2.551
2.549
2.548
2.546
2.544
2.543
2.542
2.538
2.537
2.534
2.532
2.531
2.528
2.525
2.523
2.522
2.519
2.516
2.513
2.511
2.51
2.499
2.497
2.496
2.494
2.492
2.485
2.484
2.482
2.481
2.479
2.474
2.471
2.467
2.462
2.46
2.455
2.452
2.44
2.436
2.434
2.433
2.432
2.429
2.428
2.427
2.426
2.425
2.424
2.419
2.418
2.415
2.414
2.413
2.411
2.41
2.408
2.405
2.404
2.403
2.402
2.396
2.392
2.388
2.387
2.382
2.381
2.376
2.375
2.374
2.373
2.371
2.369
2.367
2.366
2.36
2.359
2.358
2.354
2.353
2.347
2.345
2.342
2.341
2.34
2.338
2.336
2.335
2.334
2.333
2.331
2.329
2.326
2.325
2.322
2.321
2.31
2.308
2.299
2.298
2.292
2.29
2.289
2.287
2.286
2.285
2.284
2.281
2.28
2.279
2.278
2.277
2.276
2.274
2.269
2.268
2.267
2.265
2.264
2.258
2.257
2.256
2.255
2.247
2.246
2.241
2.24
2.237
2.232
2.231
2.228
2.216
2.213
2.206
2.204
2.2
2.198
2.194
2.191
2.185
2.173
2.169
2.165
2.159
2.157
2.154
2.149
2.144
2.141
2.135
2.133
2.132
2.129
2.112
2.109
2.104
2.102
2.098
2.097
2.092
2.09
2.077
2.076
2.075
2.074
2.062
2.055
2.045
2.04
2.035
2.029
2.022
2.016
2.014
1.993
1.992
1.989
1.988
1.981
1.98
1.979
1.978
1.971
1.969
1.965
1.964
1.963
1.959
1.956
1.953
1.952
1.948
1.944
1.943
1.941
1.939
1.932
1.93
1.926
1.92
1.917
1.909
1.908
1.898
1.896
1.893
1.89
1.889
1.887
1.884
1.87
1.863
1.861
1.853
1.838
1.837
1.835
1.834
1.827
1.824
1.822
1.8
1.787
1.786
1.785
1.78
1.768
1.767
1.758
1.752
1.748
1.739
1.737
1.732
1.73
1.726
1.724
1.716
1.715
1.711
1.71
1.701
1.699
1.692
1.691
1.69
1.688
1.686
1.681
1.673
1.67
1.668
1.665
1.664
1.661
1.66
1.658
1.649
1.644
1.639
1.637
1.635
1.63
1.618
1.617
1.612
1.611
1.61
1.603
1.6
1.599
1.598
1.588
1.586
1.584
1.583
1.579
1.578
1.577
1.576
1.569
1.568
1.566
1.565
1.564
1.563
1.562
1.558
1.556
1.554
1.552
1.55
1.549
1.547
1.543
1.541
1.54
1.539
1.537
1.534
1.533
1.531
1.53
1.528
1.526
1.523
1.522
1.521
1.52
1.519
1.516
1.515
1.514
1.513
1.511
1.509
1.508
1.504
1.502
1.5
1.499
1.496
1.495
1.49
1.489
1.487
1.486
1.485
1.484
1.483
1.482
1.481
1.48
1.478
1.471
1.467
1.465
1.462
1.461
1.459
1.458
1.457
1.455
1.454
1.453
1.451
1.447
1.446
1.445
1.444
1.443
1.442
1.44
1.439
1.437
1.436
1.435
1.434
1.433
1.431
1.429
1.428
1.425
1.423
1.419
1.417
1.412
1.408
1.407
1.404
1.394
1.393
1.382
1.364
1.355
1.354
1.351
1.33
1.328
1.323
1.321
1.318
1.315
1.314
1.313
1.312
1.31
1.309
1.307
1.304
1.302
1.301
1.296
1.292
1.29
1.289
1.288
1.287
1.284
1.283
1.282
1.281
1.28
1.279
1.278
1.277
1.276
1.275
1.274
1.273
1.272
1.271
1.27
1.269
1.268
1.263
1.262
1.261
1.26
1.258
1.255
1.254
1.253
1.251
1.25
1.249
1.248
1.247
1.246
1.245
1.244
1.243
1.242
1.24
1.239
1.238
1.237
1.236
1.234
1.232
1.229
1.228
1.226
1.224
1.223
1.222
1.221
1.219
1.216
1.213
1.212
1.21
1.208
1.207
1.2
1.197
1.194
1.191
1.187
1.185
1.184
1.182
1.181
1.18
1.179
1.176
1.175
1.174
1.172
1.171
1.17
1.168
1.167
1.166
1.165
1.163
1.161
1.16
1.158
1.157
1.156
1.153
1.152
1.151
1.15
1.149
1.148
1.146
1.145
1.144
1.142
1.14
1.139
1.138
1.137
1.136
1.134
1.133
1.132
1.131
1.13
1.129
1.128
1.127
1.126
1.125
1.124
1.123
1.122
1.121
1.12
1.117
1.116
1.115
1.114
1.113
1.112
1.11
1.109
1.108
1.107
1.106
1.104
1.103
1.101
1.097
1.096
1.095
1.093
1.092
1.09
1.089
1.088
1.086
1.085
1.084
1.081
1.079
1.077
1.075
1.074
1.073
1.072
1.069
1.068
1.065
1.064
1.063
1.062
1.06
1.059
1.058
1.056
1.055
1.053
1.051
1.05
1.048
1.047
1.046
1.045
1.042
1.04
1.037
1.036
1.033
1.03
1.028
1.018
1.017
1.016
1.015
1.012
1.011
1.009
1.007
1.005
1.004
1.003
1.001
0.999
0.996
0.995
0.992
0.987
0.986
0.985
0.982
0.979
0.977
0.971
0.968
0.963
0.96
0.955
0.949
